{
 "cells": [
  {
   "cell_type": "markdown",
   "metadata": {},
   "source": [
    "### Mass segregation\n",
    "\n",
    "Analysis of the mass segregation in the stellar clusters using different indices <br>\n",
    "In particular we use the MST-based metric (e.g. Yu et al. 2011)"
   ]
  },
  {
   "cell_type": "code",
   "execution_count": 186,
   "metadata": {},
   "outputs": [],
   "source": [
    "using PyCall\n",
    "using Distributions\n",
    "using Statistics\n",
    "using DataFrames\n",
    "using Distances, LightGraphs, SimpleWeightedGraphs\n",
    "using Random , Printf\n",
    "\n",
    "rootdir = \"/home/stephane/Science/GAIA\"\n",
    "\n",
    "push!(LOAD_PATH,\"$rootdir/master/src\")\n",
    "using GaiaClustering\n",
    "\n",
    "import PyPlot , CSV\n",
    "\n",
    "@pyimport astroquery.vizier as vizier\n",
    "@pyimport astropy.units as u\n",
    "@pyimport astropy.coordinates as coord\n",
    "\n",
    "\n",
    "## directory\n",
    "wdir    = \"$rootdir/products\"\n",
    "plotdir = \"$rootdir/products/test\"\n",
    "ocdir= \"$wdir/oc\"\n",
    "\n",
    "cd(wdir)"
   ]
  },
  {
   "cell_type": "code",
   "execution_count": 187,
   "metadata": {},
   "outputs": [
    {
     "data": {
      "text/html": [
       "<table class=\"data-frame\"><thead><tr><th></th><th>ra</th><th>dec</th><th>l</th><th>b</th><th>distance</th><th>pmra</th><th>pmdec</th><th>X</th><th>Y</th><th>Z</th><th>vl</th><th>vb</th><th>vrad</th><th>gbar</th><th>rp</th><th>bp</th></tr><tr><th></th><th>Float64⍰</th><th>Float64⍰</th><th>Float64⍰</th><th>Float64⍰</th><th>Float64⍰</th><th>Float64⍰</th><th>Float64⍰</th><th>Float64⍰</th><th>Float64⍰</th><th>Float64⍰</th><th>Float64⍰</th><th>Float64⍰</th><th>Float64⍰</th><th>Float64⍰</th><th>Float64⍰</th><th>Float64⍰</th></tr></thead><tbody><p>151 rows × 16 columns</p><tr><th>1</th><td>248.314</td><td>-39.1181</td><td>342.912</td><td>5.9616</td><td>172.377</td><td>-11.8593</td><td>-22.0303</td><td>172.245</td><td>6.74447</td><td>0.122253</td><td>-19.8159</td><td>-5.02337</td><td>NaN</td><td>21.765</td><td>14.5745</td><td>17.9966</td></tr><tr><th>2</th><td>247.712</td><td>-42.5732</td><td>340.058</td><td>3.94601</td><td>175.615</td><td>-14.0032</td><td>-21.5762</td><td>175.501</td><td>-1.8729</td><td>-6.05217</td><td>-21.0746</td><td>-3.78274</td><td>NaN</td><td>23.5374</td><td>16.2922</td><td>20.0264</td></tr><tr><th>3</th><td>247.984</td><td>-42.4081</td><td>340.317</td><td>3.91201</td><td>182.366</td><td>-13.1387</td><td>-20.4854</td><td>182.251</td><td>-1.12312</td><td>-6.39299</td><td>-20.6992</td><td>-3.75543</td><td>NaN</td><td>22.9287</td><td>15.8706</td><td>19.4002</td></tr><tr><th>4</th><td>247.993</td><td>-42.1859</td><td>340.484</td><td>4.05878</td><td>176.536</td><td>-12.7136</td><td>-20.2254</td><td>176.441</td><td>-0.572013</td><td>-5.73663</td><td>-19.6369</td><td>-3.74155</td><td>NaN</td><td>20.1256</td><td>13.2496</td><td>15.6377</td></tr><tr><th>5</th><td>247.991</td><td>-42.1857</td><td>340.483</td><td>4.06</td><td>179.973</td><td>-12.207</td><td>-21.2668</td><td>179.877</td><td>-0.585808</td><td>-5.84449</td><td>-20.3749</td><td>-4.73645</td><td>NaN</td><td>19.6776</td><td>12.8861</td><td>15.1388</td></tr><tr><th>6</th><td>247.6</td><td>-38.7443</td><td>342.809</td><td>6.62348</td><td>178.495</td><td>-14.3495</td><td>-21.87</td><td>178.357</td><td>6.66125</td><td>2.1885</td><td>-21.8137</td><td>-3.73251</td><td>NaN</td><td>23.0481</td><td>15.9003</td><td>19.3954</td></tr><tr><th>7</th><td>246.336</td><td>-39.0719</td><td>341.888</td><td>7.11242</td><td>181.983</td><td>-12.0267</td><td>-20.1924</td><td>181.903</td><td>3.86828</td><td>3.78401</td><td>-19.7453</td><td>-4.59687</td><td>NaN</td><td>23.6782</td><td>16.5324</td><td>20.3177</td></tr><tr><th>8</th><td>247.668</td><td>-41.0375</td><td>341.16</td><td>5.01999</td><td>173.786</td><td>-14.0097</td><td>-21.1868</td><td>173.758</td><td>1.48651</td><td>-2.73268</td><td>-20.6282</td><td>-3.4996</td><td>NaN</td><td>21.8272</td><td>14.7329</td><td>17.8784</td></tr><tr><th>9</th><td>247.994</td><td>-41.2395</td><td>341.18</td><td>4.70271</td><td>172.12</td><td>-12.4389</td><td>-20.9532</td><td>172.075</td><td>1.5313</td><td>-3.65946</td><td>-19.4317</td><td>-4.19825</td><td>NaN</td><td>21.1651</td><td>13.8491</td><td>16.7635</td></tr><tr><th>10</th><td>247.502</td><td>-40.0781</td><td>341.777</td><td>5.76787</td><td>176.847</td><td>-13.221</td><td>-21.0622</td><td>176.814</td><td>3.4163</td><td>-0.472548</td><td>-20.4601</td><td>-3.99044</td><td>NaN</td><td>22.7769</td><td>15.6337</td><td>19.2373</td></tr><tr><th>11</th><td>246.727</td><td>-40.0313</td><td>341.401</td><td>6.231</td><td>161.266</td><td>-14.8718</td><td>-21.8848</td><td>161.251</td><td>2.05717</td><td>0.872616</td><td>-19.9489</td><td>-3.33594</td><td>NaN</td><td>22.5642</td><td>15.2282</td><td>18.7212</td></tr><tr><th>12</th><td>244.698</td><td>-40.728</td><td>339.811</td><td>6.84647</td><td>180.635</td><td>-12.9479</td><td>-18.8441</td><td>180.591</td><td>-2.70618</td><td>2.91768</td><td>-19.2362</td><td>-3.63235</td><td>NaN</td><td>25.4065</td><td>18.2727</td><td>22.0797</td></tr><tr><th>13</th><td>244.231</td><td>-41.0671</td><td>339.318</td><td>6.8533</td><td>166.062</td><td>-15.0758</td><td>-22.2483</td><td>165.994</td><td>-3.91653</td><td>2.7021</td><td>-20.7348</td><td>-4.1918</td><td>NaN</td><td>21.4339</td><td>14.2575</td><td>17.2004</td></tr><tr><th>14</th><td>248.104</td><td>-40.6344</td><td>341.682</td><td>5.05302</td><td>185.026</td><td>-13.4616</td><td>-20.8267</td><td>184.976</td><td>3.26735</td><td>-2.80276</td><td>-21.4253</td><td>-3.73749</td><td>NaN</td><td>21.6177</td><td>14.6082</td><td>17.9673</td></tr><tr><th>15</th><td>248.112</td><td>-40.8108</td><td>341.556</td><td>4.92888</td><td>175.256</td><td>-13.0824</td><td>-20.9948</td><td>175.209</td><td>2.70975</td><td>-3.03443</td><td>-20.1822</td><td>-3.86823</td><td>NaN</td><td>23.1307</td><td>15.9489</td><td>19.6132</td></tr><tr><th>16</th><td>247.518</td><td>-40.3579</td><td>341.58</td><td>5.5672</td><td>181.069</td><td>-12.8878</td><td>-19.5187</td><td>181.043</td><td>2.87704</td><td>-1.11799</td><td>-19.786</td><td>-3.3913</td><td>NaN</td><td>24.3721</td><td>17.1812</td><td>20.7576</td></tr><tr><th>17</th><td>248.187</td><td>-40.9562</td><td>341.487</td><td>4.78843</td><td>163.335</td><td>-13.784</td><td>-21.8236</td><td>163.287</td><td>2.33012</td><td>-3.22836</td><td>-19.6521</td><td>-3.62734</td><td>NaN</td><td>22.6686</td><td>15.3857</td><td>18.6926</td></tr><tr><th>18</th><td>248.389</td><td>-40.4407</td><td>341.972</td><td>5.02502</td><td>192.564</td><td>-12.1229</td><td>-20.6891</td><td>192.491</td><td>4.376</td><td>-3.01103</td><td>-21.3933</td><td>-4.62275</td><td>NaN</td><td>22.3138</td><td>15.3599</td><td>18.8947</td></tr><tr><th>19</th><td>247.348</td><td>-40.6286</td><td>341.293</td><td>5.47606</td><td>183.974</td><td>-12.651</td><td>-20.7111</td><td>183.958</td><td>2.00122</td><td>-1.42856</td><td>-20.7103</td><td>-4.35756</td><td>NaN</td><td>21.3956</td><td>14.4574</td><td>17.395</td></tr><tr><th>20</th><td>248.524</td><td>-40.612</td><td>341.915</td><td>4.83327</td><td>177.779</td><td>-12.6158</td><td>-20.2907</td><td>177.705</td><td>3.86388</td><td>-3.37475</td><td>-19.7899</td><td>-3.706</td><td>NaN</td><td>24.2626</td><td>17.0221</td><td>21.0079</td></tr><tr><th>21</th><td>248.324</td><td>-40.8522</td><td>341.635</td><td>4.7826</td><td>184.049</td><td>-12.3228</td><td>-20.5121</td><td>183.986</td><td>3.0991</td><td>-3.65647</td><td>-20.4463</td><td>-4.2107</td><td>NaN</td><td>20.7472</td><td>13.7679</td><td>16.9321</td></tr><tr><th>22</th><td>244.874</td><td>-40.0662</td><td>340.378</td><td>7.2206</td><td>183.4</td><td>-13.442</td><td>-20.1841</td><td>183.351</td><td>-0.935196</td><td>4.15968</td><td>-20.6697</td><td>-4.14545</td><td>NaN</td><td>21.0953</td><td>14.1379</td><td>17.1812</td></tr><tr><th>23</th><td>247.729</td><td>-39.483</td><td>342.334</td><td>6.04664</td><td>174.974</td><td>-15.0004</td><td>-21.8644</td><td>174.9</td><td>5.08009</td><td>0.383805</td><td>-21.7498</td><td>-3.24971</td><td>NaN</td><td>23.9211</td><td>16.7298</td><td>20.3047</td></tr><tr><th>24</th><td>247.859</td><td>-39.3994</td><td>342.464</td><td>6.02965</td><td>164.443</td><td>-13.4788</td><td>-21.3933</td><td>164.362</td><td>5.14922</td><td>0.311938</td><td>-19.37</td><td>-3.63935</td><td>NaN</td><td>23.4605</td><td>16.1336</td><td>19.4692</td></tr><tr><th>25</th><td>247.734</td><td>-39.4725</td><td>342.344</td><td>6.05114</td><td>179.61</td><td>-12.3354</td><td>-20.569</td><td>179.533</td><td>5.24693</td><td>0.408051</td><td>-19.9732</td><td>-4.24363</td><td>NaN</td><td>21.986</td><td>14.8921</td><td>18.4427</td></tr><tr><th>26</th><td>247.298</td><td>-39.5414</td><td>342.062</td><td>6.24967</td><td>181.331</td><td>-12.9849</td><td>-20.5051</td><td>181.274</td><td>4.4056</td><td>1.04026</td><td>-20.4838</td><td>-3.94825</td><td>NaN</td><td>21.1492</td><td>14.1545</td><td>17.2498</td></tr><tr><th>27</th><td>247.84</td><td>-39.7308</td><td>342.21</td><td>5.81532</td><td>182.796</td><td>-12.1255</td><td>-20.6693</td><td>182.73</td><td>4.91218</td><td>-0.337055</td><td>-20.2715</td><td>-4.4922</td><td>NaN</td><td>21.3264</td><td>14.3473</td><td>17.4436</td></tr><tr><th>28</th><td>248.984</td><td>-39.6825</td><td>342.843</td><td>5.19892</td><td>180.037</td><td>-11.7754</td><td>-20.8314</td><td>179.894</td><td>6.826</td><td>-2.2688</td><td>-19.9271</td><td>-4.46254</td><td>NaN</td><td>20.7587</td><td>13.8279</td><td>16.5448</td></tr><tr><th>29</th><td>248.981</td><td>-39.7379</td><td>342.8</td><td>5.16352</td><td>177.45</td><td>-11.7503</td><td>-21.1368</td><td>177.312</td><td>6.59521</td><td>-2.3458</td><td>-19.8167</td><td>-4.58828</td><td>NaN</td><td>20.5996</td><td>13.6465</td><td>16.3339</td></tr><tr><th>30</th><td>248.879</td><td>-39.7447</td><td>342.742</td><td>5.21689</td><td>182.184</td><td>-11.322</td><td>-20.5189</td><td>182.051</td><td>6.5879</td><td>-2.23871</td><td>-19.6958</td><td>-4.65147</td><td>NaN</td><td>21.4575</td><td>14.5062</td><td>17.4515</td></tr><tr><th>&vellip;</th><td>&vellip;</td><td>&vellip;</td><td>&vellip;</td><td>&vellip;</td><td>&vellip;</td><td>&vellip;</td><td>&vellip;</td><td>&vellip;</td><td>&vellip;</td><td>&vellip;</td><td>&vellip;</td><td>&vellip;</td><td>&vellip;</td><td>&vellip;</td><td>&vellip;</td><td>&vellip;</td></tr></tbody></table>"
      ],
      "text/latex": [
       "\\begin{tabular}{r|cccccccccccccccc}\n",
       "\t& ra & dec & l & b & distance & pmra & pmdec & X & Y & Z & vl & vb & vrad & gbar & rp & bp\\\\\n",
       "\t\\hline\n",
       "\t& Float64⍰ & Float64⍰ & Float64⍰ & Float64⍰ & Float64⍰ & Float64⍰ & Float64⍰ & Float64⍰ & Float64⍰ & Float64⍰ & Float64⍰ & Float64⍰ & Float64⍰ & Float64⍰ & Float64⍰ & Float64⍰\\\\\n",
       "\t\\hline\n",
       "\t1 & 248.314 & -39.1181 & 342.912 & 5.9616 & 172.377 & -11.8593 & -22.0303 & 172.245 & 6.74447 & 0.122253 & -19.8159 & -5.02337 & NaN & 21.765 & 14.5745 & 17.9966 \\\\\n",
       "\t2 & 247.712 & -42.5732 & 340.058 & 3.94601 & 175.615 & -14.0032 & -21.5762 & 175.501 & -1.8729 & -6.05217 & -21.0746 & -3.78274 & NaN & 23.5374 & 16.2922 & 20.0264 \\\\\n",
       "\t3 & 247.984 & -42.4081 & 340.317 & 3.91201 & 182.366 & -13.1387 & -20.4854 & 182.251 & -1.12312 & -6.39299 & -20.6992 & -3.75543 & NaN & 22.9287 & 15.8706 & 19.4002 \\\\\n",
       "\t4 & 247.993 & -42.1859 & 340.484 & 4.05878 & 176.536 & -12.7136 & -20.2254 & 176.441 & -0.572013 & -5.73663 & -19.6369 & -3.74155 & NaN & 20.1256 & 13.2496 & 15.6377 \\\\\n",
       "\t5 & 247.991 & -42.1857 & 340.483 & 4.06 & 179.973 & -12.207 & -21.2668 & 179.877 & -0.585808 & -5.84449 & -20.3749 & -4.73645 & NaN & 19.6776 & 12.8861 & 15.1388 \\\\\n",
       "\t6 & 247.6 & -38.7443 & 342.809 & 6.62348 & 178.495 & -14.3495 & -21.87 & 178.357 & 6.66125 & 2.1885 & -21.8137 & -3.73251 & NaN & 23.0481 & 15.9003 & 19.3954 \\\\\n",
       "\t7 & 246.336 & -39.0719 & 341.888 & 7.11242 & 181.983 & -12.0267 & -20.1924 & 181.903 & 3.86828 & 3.78401 & -19.7453 & -4.59687 & NaN & 23.6782 & 16.5324 & 20.3177 \\\\\n",
       "\t8 & 247.668 & -41.0375 & 341.16 & 5.01999 & 173.786 & -14.0097 & -21.1868 & 173.758 & 1.48651 & -2.73268 & -20.6282 & -3.4996 & NaN & 21.8272 & 14.7329 & 17.8784 \\\\\n",
       "\t9 & 247.994 & -41.2395 & 341.18 & 4.70271 & 172.12 & -12.4389 & -20.9532 & 172.075 & 1.5313 & -3.65946 & -19.4317 & -4.19825 & NaN & 21.1651 & 13.8491 & 16.7635 \\\\\n",
       "\t10 & 247.502 & -40.0781 & 341.777 & 5.76787 & 176.847 & -13.221 & -21.0622 & 176.814 & 3.4163 & -0.472548 & -20.4601 & -3.99044 & NaN & 22.7769 & 15.6337 & 19.2373 \\\\\n",
       "\t11 & 246.727 & -40.0313 & 341.401 & 6.231 & 161.266 & -14.8718 & -21.8848 & 161.251 & 2.05717 & 0.872616 & -19.9489 & -3.33594 & NaN & 22.5642 & 15.2282 & 18.7212 \\\\\n",
       "\t12 & 244.698 & -40.728 & 339.811 & 6.84647 & 180.635 & -12.9479 & -18.8441 & 180.591 & -2.70618 & 2.91768 & -19.2362 & -3.63235 & NaN & 25.4065 & 18.2727 & 22.0797 \\\\\n",
       "\t13 & 244.231 & -41.0671 & 339.318 & 6.8533 & 166.062 & -15.0758 & -22.2483 & 165.994 & -3.91653 & 2.7021 & -20.7348 & -4.1918 & NaN & 21.4339 & 14.2575 & 17.2004 \\\\\n",
       "\t14 & 248.104 & -40.6344 & 341.682 & 5.05302 & 185.026 & -13.4616 & -20.8267 & 184.976 & 3.26735 & -2.80276 & -21.4253 & -3.73749 & NaN & 21.6177 & 14.6082 & 17.9673 \\\\\n",
       "\t15 & 248.112 & -40.8108 & 341.556 & 4.92888 & 175.256 & -13.0824 & -20.9948 & 175.209 & 2.70975 & -3.03443 & -20.1822 & -3.86823 & NaN & 23.1307 & 15.9489 & 19.6132 \\\\\n",
       "\t16 & 247.518 & -40.3579 & 341.58 & 5.5672 & 181.069 & -12.8878 & -19.5187 & 181.043 & 2.87704 & -1.11799 & -19.786 & -3.3913 & NaN & 24.3721 & 17.1812 & 20.7576 \\\\\n",
       "\t17 & 248.187 & -40.9562 & 341.487 & 4.78843 & 163.335 & -13.784 & -21.8236 & 163.287 & 2.33012 & -3.22836 & -19.6521 & -3.62734 & NaN & 22.6686 & 15.3857 & 18.6926 \\\\\n",
       "\t18 & 248.389 & -40.4407 & 341.972 & 5.02502 & 192.564 & -12.1229 & -20.6891 & 192.491 & 4.376 & -3.01103 & -21.3933 & -4.62275 & NaN & 22.3138 & 15.3599 & 18.8947 \\\\\n",
       "\t19 & 247.348 & -40.6286 & 341.293 & 5.47606 & 183.974 & -12.651 & -20.7111 & 183.958 & 2.00122 & -1.42856 & -20.7103 & -4.35756 & NaN & 21.3956 & 14.4574 & 17.395 \\\\\n",
       "\t20 & 248.524 & -40.612 & 341.915 & 4.83327 & 177.779 & -12.6158 & -20.2907 & 177.705 & 3.86388 & -3.37475 & -19.7899 & -3.706 & NaN & 24.2626 & 17.0221 & 21.0079 \\\\\n",
       "\t21 & 248.324 & -40.8522 & 341.635 & 4.7826 & 184.049 & -12.3228 & -20.5121 & 183.986 & 3.0991 & -3.65647 & -20.4463 & -4.2107 & NaN & 20.7472 & 13.7679 & 16.9321 \\\\\n",
       "\t22 & 244.874 & -40.0662 & 340.378 & 7.2206 & 183.4 & -13.442 & -20.1841 & 183.351 & -0.935196 & 4.15968 & -20.6697 & -4.14545 & NaN & 21.0953 & 14.1379 & 17.1812 \\\\\n",
       "\t23 & 247.729 & -39.483 & 342.334 & 6.04664 & 174.974 & -15.0004 & -21.8644 & 174.9 & 5.08009 & 0.383805 & -21.7498 & -3.24971 & NaN & 23.9211 & 16.7298 & 20.3047 \\\\\n",
       "\t24 & 247.859 & -39.3994 & 342.464 & 6.02965 & 164.443 & -13.4788 & -21.3933 & 164.362 & 5.14922 & 0.311938 & -19.37 & -3.63935 & NaN & 23.4605 & 16.1336 & 19.4692 \\\\\n",
       "\t25 & 247.734 & -39.4725 & 342.344 & 6.05114 & 179.61 & -12.3354 & -20.569 & 179.533 & 5.24693 & 0.408051 & -19.9732 & -4.24363 & NaN & 21.986 & 14.8921 & 18.4427 \\\\\n",
       "\t26 & 247.298 & -39.5414 & 342.062 & 6.24967 & 181.331 & -12.9849 & -20.5051 & 181.274 & 4.4056 & 1.04026 & -20.4838 & -3.94825 & NaN & 21.1492 & 14.1545 & 17.2498 \\\\\n",
       "\t27 & 247.84 & -39.7308 & 342.21 & 5.81532 & 182.796 & -12.1255 & -20.6693 & 182.73 & 4.91218 & -0.337055 & -20.2715 & -4.4922 & NaN & 21.3264 & 14.3473 & 17.4436 \\\\\n",
       "\t28 & 248.984 & -39.6825 & 342.843 & 5.19892 & 180.037 & -11.7754 & -20.8314 & 179.894 & 6.826 & -2.2688 & -19.9271 & -4.46254 & NaN & 20.7587 & 13.8279 & 16.5448 \\\\\n",
       "\t29 & 248.981 & -39.7379 & 342.8 & 5.16352 & 177.45 & -11.7503 & -21.1368 & 177.312 & 6.59521 & -2.3458 & -19.8167 & -4.58828 & NaN & 20.5996 & 13.6465 & 16.3339 \\\\\n",
       "\t30 & 248.879 & -39.7447 & 342.742 & 5.21689 & 182.184 & -11.322 & -20.5189 & 182.051 & 6.5879 & -2.23871 & -19.6958 & -4.65147 & NaN & 21.4575 & 14.5062 & 17.4515 \\\\\n",
       "\t$\\dots$ & $\\dots$ & $\\dots$ & $\\dots$ & $\\dots$ & $\\dots$ & $\\dots$ & $\\dots$ & $\\dots$ & $\\dots$ & $\\dots$ & $\\dots$ & $\\dots$ & $\\dots$ & $\\dots$ & $\\dots$ & $\\dots$ \\\\\n",
       "\\end{tabular}\n"
      ],
      "text/plain": [
       "151×16 DataFrame. Omitted printing of 10 columns\n",
       "│ Row │ ra       │ dec      │ l        │ b        │ distance │ pmra     │\n",
       "│     │ \u001b[90mFloat64⍰\u001b[39m │ \u001b[90mFloat64⍰\u001b[39m │ \u001b[90mFloat64⍰\u001b[39m │ \u001b[90mFloat64⍰\u001b[39m │ \u001b[90mFloat64⍰\u001b[39m │ \u001b[90mFloat64⍰\u001b[39m │\n",
       "├─────┼──────────┼──────────┼──────────┼──────────┼──────────┼──────────┤\n",
       "│ 1   │ 248.314  │ -39.1181 │ 342.912  │ 5.9616   │ 172.377  │ -11.8593 │\n",
       "│ 2   │ 247.712  │ -42.5732 │ 340.058  │ 3.94601  │ 175.615  │ -14.0032 │\n",
       "│ 3   │ 247.984  │ -42.4081 │ 340.317  │ 3.91201  │ 182.366  │ -13.1387 │\n",
       "│ 4   │ 247.993  │ -42.1859 │ 340.484  │ 4.05878  │ 176.536  │ -12.7136 │\n",
       "│ 5   │ 247.991  │ -42.1857 │ 340.483  │ 4.06     │ 179.973  │ -12.207  │\n",
       "│ 6   │ 247.6    │ -38.7443 │ 342.809  │ 6.62348  │ 178.495  │ -14.3495 │\n",
       "│ 7   │ 246.336  │ -39.0719 │ 341.888  │ 7.11242  │ 181.983  │ -12.0267 │\n",
       "│ 8   │ 247.668  │ -41.0375 │ 341.16   │ 5.01999  │ 173.786  │ -14.0097 │\n",
       "│ 9   │ 247.994  │ -41.2395 │ 341.18   │ 4.70271  │ 172.12   │ -12.4389 │\n",
       "│ 10  │ 247.502  │ -40.0781 │ 341.777  │ 5.76787  │ 176.847  │ -13.221  │\n",
       "⋮\n",
       "│ 141 │ 248.624  │ -41.5579 │ 341.267  │ 4.13903  │ 161.708  │ -14.7671 │\n",
       "│ 142 │ 244.377  │ -42.2647 │ 338.552  │ 5.92211  │ 171.831  │ -14.5869 │\n",
       "│ 143 │ 245.579  │ -42.1202 │ 339.289  │ 5.39591  │ 194.276  │ -12.6212 │\n",
       "│ 144 │ 245.377  │ -42.5447 │ 338.881  │ 5.20288  │ 183.918  │ -12.5773 │\n",
       "│ 145 │ 248.37   │ -41.4215 │ 341.238  │ 4.37175  │ 159.738  │ -12.6715 │\n",
       "│ 146 │ 248.225  │ -41.6972 │ 340.961  │ 4.2646   │ 162.168  │ -13.7916 │\n",
       "│ 147 │ 245.493  │ -41.2598 │ 339.858  │ 6.04641  │ 178.074  │ -15.5215 │\n",
       "│ 148 │ 249.205  │ -40.8999 │ 342.049  │ 4.25834  │ 162.189  │ -11.4868 │\n",
       "│ 149 │ 246.744  │ -42.8259 │ 339.384  │ 4.28781  │ 162.448  │ -15.8403 │\n",
       "│ 150 │ 245.534  │ -40.8801 │ 340.152  │ 6.29121  │ 176.378  │ -16.3177 │\n",
       "│ 151 │ 248.694  │ -40.2904 │ 342.241  │ 4.95516  │ 159.198  │ -10.9684 │"
      ]
     },
     "execution_count": 187,
     "metadata": {},
     "output_type": "execute_result"
    }
   ],
   "source": [
    "## Test OC\n",
    "##\n",
    "\n",
    "oc= CSV.read(\"$ocdir/NGC 6124-2.3deg-oc.csv\" , delim= \";\")"
   ]
  },
  {
   "cell_type": "code",
   "execution_count": 188,
   "metadata": {},
   "outputs": [
    {
     "data": {
      "text/plain": [
       "_mst_graph (generic function with 3 methods)"
      ]
     },
     "execution_count": 188,
     "metadata": {},
     "output_type": "execute_result"
    }
   ],
   "source": [
    "## Create a graph with the selected stars\n",
    "## ind: subset to select the x,y\n",
    "## dtyp= \"2d\" or \"3d\"\n",
    "\n",
    "function _mst_graph(ind,x,y,z=[] , dtyp=\"2d\")\n",
    "    nxy= length(ind)\n",
    "    if dtyp == \"2d\"\n",
    "        A= Array{Float64}(undef,2,nxy)\n",
    "    elseif dtyp == \"3d\"\n",
    "       A= Array{Float64}(undef,3,nxy) \n",
    "    end\n",
    "    \n",
    "    for i in 1:nxy\n",
    "        if dtyp == \"2d\"\n",
    "            A[:,i]= [x[ind[i]] y[ind[i]]]\n",
    "        elseif dtyp == \"3d\"\n",
    "            A[:,i]= [x[ind[i]] y[ind[i]] z[ind[i]]]\n",
    "        end\n",
    "    end\n",
    "    \n",
    "    d= Euclidean()\n",
    "    p= pairwise(d, A, A, dims=2)\n",
    "    println(p)\n",
    "    \n",
    "    src= Array{Int}(undef,0)\n",
    "    dst=  Array{Int}(undef,0)\n",
    "    wgt= Array{Float64}(undef,0)\n",
    "\n",
    "    for i in 1:nxy\n",
    "        for j in 1:nxy\n",
    "            if i != j\n",
    "                push!(src,i)\n",
    "                push!(dst,j)\n",
    "                push!(wgt,p[i,j]) \n",
    "            end\n",
    "        end\n",
    "    end\n",
    "    \n",
    "    G= SimpleWeightedGraph(src, dst, wgt)\n",
    "    \n",
    "    kr= kruskal_mst(G, G.weights)\n",
    "    \n",
    "    for w in kr\n",
    "        @printf(\"%d - %d : %3.3f\\n\",w.src,w.dst, w.weight)\n",
    "    end\n",
    "    \n",
    "    return(kr)\n",
    "end\n"
   ]
  },
  {
   "cell_type": "code",
   "execution_count": 189,
   "metadata": {},
   "outputs": [
    {
     "data": {
      "text/plain": [
       "_kappa_ms (generic function with 3 methods)"
      ]
     },
     "execution_count": 189,
     "metadata": {},
     "output_type": "execute_result"
    }
   ],
   "source": [
    "## Computation of the λMST using either arithmetic or geometric average (Olczak et al. 2011)\n",
    "##\n",
    "## dtype= \"ari\" or \"geo\"\n",
    "function _lambda_mst(edges, dtyp=\"ari\")\n",
    "    nedg= length(edges)\n",
    "    println(nedg)\n",
    "    ltot= 0\n",
    "    \n",
    "    for w in edges\n",
    "        if dtyp== \"ari\"\n",
    "            ltot+= w.weight\n",
    "        elseif dtyp== \"geo\"\n",
    "            ltot+= log(w.weight)\n",
    "        end\n",
    "    end\n",
    "    \n",
    "    if dtyp== \"ari\"\n",
    "        λmst= ltot/nedg\n",
    "    elseif dtyp== \"geo\"\n",
    "        λmst= exp(ltot/nedg)\n",
    "    end\n",
    "    return(λmst)\n",
    "end\n",
    "\n",
    "## estimate the sample size for the stats given n and N for the massive and total sample\n",
    "## p= 99%\n",
    "## Olczak et al. 2011)\n",
    "function _sample_size(n, N, p=0.99)\n",
    "    k= log(1-p)/log(1-n/N)\n",
    "    return(convert(Int,ceil(k)))\n",
    "end\n",
    "\n",
    "## Compute the mass segregation metric comparing two population set (2nd is random)\n",
    "function _kappa_ms(indMass, x, y , z, dtyp=\"2d\", daver= \"geo\")\n",
    "    npop= length(indMass)\n",
    "    ntot= length(x)\n",
    "    \n",
    "    ## Massive stars\n",
    "    krMass= _mst_graph(indMass, x,y,z , dtyp)\n",
    "    λMass= _lambda_mst(krMass,daver)\n",
    "    ## Random set\n",
    "    perm= randperm(ntot)\n",
    "    indRef= perm[1:npop]\n",
    "    krRef= _mst_graph(indRef, x,y,z, dtyp)\n",
    "    λRef= _lambda_mst(krRef,daver)\n",
    "    \n",
    "    ## ratio (log) of the reference over massive ones\n",
    "    κms= log(λRef/λMass)\n",
    "    return(κms)\n",
    "end"
   ]
  },
  {
   "cell_type": "code",
   "execution_count": 190,
   "metadata": {},
   "outputs": [
    {
     "name": "stdout",
     "output_type": "stream",
     "text": [
      "[0.0 12.1479 5.68323 9.68944 7.09485 10.6536 10.0874 7.19032 9.33167 16.7929 16.7021 7.78216 6.80383; 12.1479 0.0 7.36595 5.97413 5.53305 8.28865 8.31821 13.0598 6.28658 12.0823 9.08029 5.537 6.36123; 5.68323 7.36595 0.0 4.31177 3.06889 6.10422 6.37278 7.56472 3.92683 11.8237 11.3522 5.39496 4.84071; 9.68944 5.97413 4.31177 0.0 4.14782 2.75675 4.00551 11.2018 0.577326 8.07724 7.06526 6.9181 6.77685; 7.09485 5.53305 3.06889 4.14782 0.0 5.96458 5.25351 10.2115 4.16456 12.1939 10.621 3.02787 2.65388; 10.6536 8.28865 6.10422 2.75675 5.96458 0.0 2.62395 12.9289 2.90126 6.87807 6.549 8.83235 8.50428; 10.0874 8.31821 6.37278 4.00551 5.25351 2.62395 0.0 13.7351 4.26475 9.12066 7.98749 7.75964 7.34187; 7.19032 13.0598 7.56472 11.2018 10.2115 12.9289 13.7351 0.0 10.6951 16.9278 17.5464 11.0902 10.656; 9.33167 6.28658 3.92683 0.577326 4.16456 2.90126 4.26475 10.6951 0.0 8.18097 7.45441 7.00263 6.80727; 16.7929 12.0823 11.8237 8.07724 12.1939 6.87807 9.12066 16.9278 8.18097 0.0 4.56161 14.8694 14.8021; 16.7021 9.08029 11.3522 7.06526 10.621 6.549 7.98749 17.5464 7.45441 4.56161 0.0 12.7174 12.9198; 7.78216 5.537 5.39496 6.9181 3.02787 8.83235 7.75964 11.0902 7.00263 14.8694 12.7174 0.0 1.11194; 6.80383 6.36123 4.84071 6.77685 2.65388 8.50428 7.34187 10.656 6.80727 14.8021 12.9198 1.11194 0.0]\n",
      "4 - 9 : 1.155\n",
      "12 - 13 : 2.224\n",
      "6 - 7 : 5.248\n",
      "5 - 13 : 5.308\n",
      "4 - 6 : 5.513\n",
      "3 - 5 : 6.138\n",
      "3 - 9 : 7.854\n",
      "10 - 11 : 9.123\n",
      "2 - 5 : 11.066\n",
      "1 - 3 : 11.366\n",
      "6 - 11 : 13.098\n",
      "1 - 8 : 14.381\n",
      "12\n",
      "[0.0 14.7682 10.6906 6.46911 13.3814 8.13969 9.90534 13.2123 6.79615 11.7187 15.2721 18.5229 14.4091; 14.7682 0.0 4.74681 10.8928 7.26153 16.2256 11.2495 10.2432 19.0043 7.41917 5.37441 8.37219 20.9696; 10.6906 4.74681 0.0 8.58156 5.86472 12.4278 8.18725 7.48173 15.0392 4.59836 8.0812 10.5189 17.016; 6.46911 10.8928 8.58156 0.0 11.6625 10.9522 9.82662 13.4086 11.059 10.7424 9.92773 14.707 18.3578; 13.3814 7.26153 5.86472 11.6625 0.0 11.1691 5.5258 3.94694 15.1894 2.21522 8.60084 6.86934 14.6293; 8.13969 16.2256 12.4278 10.9522 11.1691 0.0 5.73617 10.1655 4.77068 10.2095 15.9571 16.2426 8.05111; 9.90534 11.2495 8.18725 9.82662 5.5258 5.73617 0.0 5.64783 9.94258 5.05276 11.2135 10.7192 10.7588; 13.2123 10.2432 7.48173 13.4086 3.94694 10.1655 5.64783 0.0 14.4088 3.2031 12.4059 10.439 11.638; 6.79615 19.0043 15.0392 11.059 15.1894 4.77068 9.94258 14.4088 0.0 13.9912 18.5158 20.0733 10.7727; 11.7187 7.41917 4.59836 10.7424 2.21522 10.2095 5.05276 3.2031 13.9912 0.0 9.49478 8.94521 13.6709; 15.2721 5.37441 8.0812 9.92773 8.60084 15.9571 11.2135 12.4059 18.5158 9.49478 0.0 6.72308 21.9209; 18.5229 8.37219 10.5189 14.707 6.86934 16.2426 10.7192 10.439 20.0733 8.94521 6.72308 0.0 20.3161; 14.4091 20.9696 17.016 18.3578 14.6293 8.05111 10.7588 11.638 10.7727 13.6709 21.9209 20.3161 0.0]\n",
      "5 - 10 : 4.430\n",
      "8 - 10 : 6.406\n",
      "3 - 10 : 9.197\n",
      "2 - 3 : 9.494\n",
      "6 - 9 : 9.541\n",
      "7 - 10 : 10.106\n",
      "2 - 11 : 10.749\n",
      "6 - 7 : 11.472\n",
      "1 - 4 : 12.938\n",
      "11 - 12 : 13.446\n",
      "1 - 9 : 13.592\n",
      "6 - 13 : 16.102\n",
      "12\n"
     ]
    },
    {
     "data": {
      "text/plain": [
       "0.3209886912422127"
      ]
     },
     "execution_count": 190,
     "metadata": {},
     "output_type": "execute_result"
    }
   ],
   "source": [
    "## Main\n",
    "\n",
    "# kr= _mst_graph([1,5,10,16,20,27,30], oc[:X], oc[:Y] , oc[:Z] , \"2d\")\n",
    "#  _lambda_mst(kr,\"geo\")\n",
    "# _sample_size(20, 100)\n",
    "\n",
    "_kappa_ms( [1,5,10,16,20,27,30,35,45,56,67,78,89], oc[:X], oc[:Y] , oc[:Z], \"3d\", \"ari\")"
   ]
  }
 ],
 "metadata": {
  "@webio": {
   "lastCommId": null,
   "lastKernelId": null
  },
  "kernelspec": {
   "display_name": "Julia 1.1.0",
   "language": "julia",
   "name": "julia-1.1"
  },
  "language_info": {
   "file_extension": ".jl",
   "mimetype": "application/julia",
   "name": "julia",
   "version": "1.1.0"
  }
 },
 "nbformat": 4,
 "nbformat_minor": 2
}
